101,CityExpress,1|2|3|4|5|6|7|8|9|10
102,MetroLine,3|4|5|6|7|8|9|10|11|12
103,RapidBus,5|6|7|8|9|10|11|12|13|14
104,Sunshine,2|3|4|5|6|7|8|9|10|11
105,StarLine,10|11|12|13|14|15|16|17|18|19
106,BlueLine,1|3|5|7|9|11|13|15|17|19
107,GreenWay,4|5|6|7|8|9|10|11|12|13
108,SilverBus,7|8|9|10|11|12|13|14|15|16
109,GoldenRoute,6|7|8|9|10|11|12|13|14|15
110,ExpressLine,8|9|10|11|12|13|14|15|16|17
111,DiamondBus,9|10|11|12|13|14|15|16|17|18
112,CometBus,11|12|13|14|15|16|17|18|19|20
113,RainbowRoute,12|13|14|15|16|17|18|19|20|21
114,ThunderLine,13|14|15|16|17|18|19|20|21|22
115,SkyExpress,14|15|16|17|18|19|20|21|22|23
116,LuckyBus,15|16|17|18|19|20|21|22|23|24
117,CityLine,16|17|18|19|20|21|22|23|24|25
118,OceanBus,17|18|19|20|21|22|23|24|25|26
119,FireFly,18|19|20|21|22|23|24|25|26|27
120,SunsetBus,19|20|21|22|23|24|25|26|27|28
121,NightLine,20|21|22|23|24|25|26|27|28|29
122,MoonExpress,21|22|23|24|25|26|27|28|29|30
123,StarExpress,22|23|24|25|26|27|28|29|30|31
124,GlobeBus,23|24|25|26|27|28|29|30|31|32
125,CometExpress,24|25|26|27|28|29|30|31|32|33
126,RocketBus,25|26|27|28|29|30|31|32|33|34
127,FlashLine,26|27|28|29|30|31|32|33|34|35
128,SpeedyBus,27|28|29|30|31|32|33|34|35|36
129,GalaxyBus,28|29|30|31|32|33|34|35|36|37
130,MetroExpress,29|30|31|32|33|34|35|36|37|38
131,AlphaBus,30|31|32|33|34|35|36|37|38|39
